portGrupa=1
portVrsta=1
portPosZ=15.757774
portPosY=-1378.285522
portPosX=1779.067993
portIme=Spawn

